









2528887428177185426111917471948894644851792352697945589718477369628923976818157339414994796685917939
9471869497867619968143932951221815452365233593558688215767452594714173138979498491767153415225537531
9148391746247482759816751346367452796989421233394569566625483926172733627294256592852151127214473283
4327795958624611156876722682549865394544625282647516365462924414725922115688329629333365295343916943
5793145287959898176358171163335577324813969844688476954129639455596382297335741876793919252523284777
3683842797255479149811454353945558396872474521219532965796961288659768277491594897538946917776284517
3753216579538583891592726281393275549446522968991359564797385645417674542383589333865742452247682311
1418986523247488734458974856824211186754733117391753285119193152724183548765544136799169794972525323
1471129896261391837819525625171563572527499466978238999915346796276321596756656991923666285886721319
8546667586993135432371295245292243971685448478694825741979827971681451925969959799758539839351716775
1221758568678286373135635759575768487722343412538273127194976129725538142728598728237439579589468216
5198524955473354791993755855848684633893196934688623354291324495761154245659712663253162225645916123
7642651962635729879754593192344759159595837262969991583323486653378723551913792817756778128111239969
5684429632167651777656849316293986218473742466488684787928533177212387953392518749719473364299337194
7419499247821729281941158573396989793774856355326635556758133544294974398742231177733992473547634536
8952954815268511633227449972479351247894513994757758233918184796422178439497964462618133581927279575
6819817563952677912191266691628298699136643327697665612457952235723595442581954929665931861167391973
4423925841686641181359114293194485489667243457861812766274989988835957955511886498486377126159157166
5142622357641396557798247414447743561588331679698625957152829457641299933512411712111966119484559954
3471498166721392344352163283415612844321412245597415466687727486324275956678666789163535393383332546
6358527396823623891146696966237154145674614514234695334259999789839647254433413863162442846314689116
8963829656286725261364655587153512774568553636276947838414221998869387179983616684952864338166388141
8394782653363395497889953995453162779388986412229738738891488756353191294868627185786923797893636344
4832271836965717885576532838382929668966986879434944161671666745467731764426745271627329363776995443
3933289373663163448812398346356278198444151594222762898537667776944234414788213911757346761983961624
2731633518182728992397974978682246226242219742581795711588456889159388536977978451238265595329381886
9631945285159172268289614312129954393442967535425117587723417766933441628644539728185554371789134825
7496244823867797173731577245875926399519268525327718397849171724182516122156529866369464445596518543
4325743392674318472545986222429898138792414549555655111814268524241431819483914321362995471956597799
9852387349191634671789213979795144575915499934248317513217834827423698896748576747236217818248692615
9633758487195255126934523867882821115155398618644611894733427136189931745984177797586128737399993578
5687975469994512573558138243271322898115198468266775248967775331667263329484693453377861921643478957
6862139832121354879955972784263171561861967182772119763713597385517973638793927578153575251228384414
2221215736217439836793692115282115955872453991682735265463941486376782519596444476518937829524277328
9434566653145891613454276642176676575627486512913498577127348782738459155359583769645159585535563578
8371246195172631646974921618135475311879275714678492673498277451515235875251835943179195176253423791
4711973177434289965495745535659449124536431475545711387567645558363712528485156187776847752236677271
7424873342669837831944325911654153323753243747983284423443952626953879943927764897631168386638498954
3452247945817415547186742391731988697177491914613838335972922786419748434496589445211629389273913668
4782761546612875354664111386159524137658172574497511383624993373643323155613128775377686583515418112
8143774534326622944699827633263828742256766792476986286145734591351252398487138695727394782699314416
4499797341499139213954663257619181655757852127242148246455889948721258457377844815588622487471377693
2931499855831876764548857558226859496433547177432238745751532755791323987216651581659455359692133766
8351519179819722172846178964138857927899521736428626246336245928898769983313533434832899777997858347
1538437816435863272211223951476564372627869211374423891655381153161352458842351433482146352254759353
5925924872178158863489499437468414262147678888614539274621447455641455321637882461243473776219865666
1275519851867899439175464237753254538713593371898917257829771515569139146235793298927638765892931246
8933371265566577886673385578159868383834629637755418625878175893634722638989383147658517241675457686
5261542515627859563812786184363483564418588867724616279863425888689285923723727943192226296772785787
9388726535123116613781797271134987635339334414898687917475196294753989652267867988791186421623824382
3586341589985415834435253753872664193835736651345411185492234317338618965399142884962535752116931631
1154158862436263648786244242596226495523748342727345598722688746356417562346861183889455352646642747
3992717376973294488765919951797335272871822467665473471443632471969667467248366289775288351967468689
1342456438661379669759582129554794452779558274482969212648241832821383878515922996149931713679285647
8275125471722427989591388639245918833678586721494467922146449392931556676418337131564744747713142153
9763339382835568414454754687489961449372927797824174947999862759663794424257485176787415433695875665
4876142346398751763624747992842372794889231618387441648539899713415723175935335945849414766717238365
3188666994934724559868188317735974714866852196331684111888747324554124758552835659615458994168227651
3956673186348379725283783219989341957856969613748654255915883299419652943376483141127674317141726693
7926818479277169547876117733643876166627313155612334643847635381321375941299975898826254142437734948
3278618814539826259539162393319112968199288156826233174438269829395252269858598983552517386525744792
7351546257234868729817475337111816986348447685535292989428289932697492842285951674739828579922725712
9627883715777814932874284777151187334975291738351551965182378581715164634321235688179749392797491967
7943732253688935452964945331863451788139786553696274626426951691721138246293738295836323273345214141
8475366724617843195842243449699194812373894416393794569454291659337695194168147287899482435512714965
4893817977115644898819426574355962679788423988122775486799214875523721463352417533369426845143694472
6531957977266355838478282935575546349274599432618511416233441991781949426731975618678886371965117384
7983491378141729713476427612466175759339311744821739598374562292819769128516835813592227792769388975
8844943151883459532392337347563947614351241719131987367489529515915126629851195664585247783787489297
7443138662546515785621573467149342424417631841121462746753555644273656961912769694595799633923457759
6588189712593224686535238694611238892713251844439733361618821837511913459253128352926344686125931965
9318936969788672224641164771175622636783378419343212485175748224441378863472766298991456614476688291
4627541525376925288341914462779767859643959286731281733392794976737546915595348152212838874173158139
4434317176663669616832118247972597184191572667153413817291938219134191947286634424352243285643347269
9319151987426699535589697212257766239897495765312282865267239989286262294848613117659463241367543479
3348356369544351331716837439632566195381872111114648114549344694326398819821866673228632719813555188
1318714279915114975614748913951272188328531298236893865583591342722525436282699287292885788772761238
7127961191893857294768771992379354836923815192583756565394923524139892994377316163364173644855999843
2483731211918818555782257744932542653466322454216746288656919233114475327991424364645676184283774664
8871868618788519842538453957148155952719148476589553778944782711464218413619544792351311943633711691
4288235917594362554921544494867826285811681493172415622553493817811675818671356423679959668347422311
2892369933728218673634764992584835134894176897442138485729226347575947711467675873376669716261463958
9376613368894261748575294821194418644215523687619528434958552953393757743739964435224251377121387543
8445978539313931959931689346343843419647853212158125664454365661243784187766815217767354251718174985
1443645617518171234178324476624423566757642845196465646699572748446881153972593667835447691589613881
1772476787728394327643766393459422478164272638464538212595254841726888947572772266678844342138655249
3542597696398946496393751117619889597765821362611764374561445758788518889746733896914261826229642634
6454971155828752168695477362985864676386593436123439917336882173723295536282914968241192517939531144
3261523411437431988138589668746888146426813594873319685955997494655675428369392886629944366999933444
9174876163347983922218329231754688888526628757625351333724735693727641247216672334484938584711231466
2783156496835516814419953859242316393143434944597437337793293943848261838399772134457511882737411514
3485394567172975152482643177139358732684533884724738121337479267754711657852631213867182854737467287
6412514749412521913831144491847436199671614874853652199797233561547281313383333642652132141539138171
2321168858929944597815884733326481261964349646378376655462633539954484558636511977563322223461467795
8719687262685275878346473961392241868736415211184666235592768635157199432985622678771961247458767887
2585823229736327914739281466234183854558156288816886164322577659527428339996452386847155163575456855
8444571192676421499676695155877195194517468575299439851791636147848926739626241232496387518368988872
1996368716216441759713144766861122231121764994488871154545656259473734716727298482355664972545798594
4394452254464337829344883611493438168442752169365885285694725475244576118626492221751163686181991727
9267723574787987321421863481786534848642331279247472768897281971171876188578323627414654684942257754








51783386741389783211
81875415163679119188
22924499987395124575 81145493464342262967
75884751964317335696
29355398966991866714 63654577979598976149
88891466677889691846
87185582716161556125 26576429277843157952
















